# 1 ------------------------------
      [,1] [,2]
 [1,]    1     
 [2,]          
 [3,]          
 [4,]          
 [5,]          
 [6,]          
 [7,]          
 [8,]          
 [9,]          
[10,]          
[11,]          
[12,]          
[13,]          
[14,]          
[15,]          
[16,]          

# 2 ------------------------------
      [,1] [,2] [,3]
 [1,]    2    1     
 [2,]    1          
 [3,]               
 [4,]               
 [5,]               
 [6,]               
 [7,]               
 [8,]               
 [9,]               
[10,]               
[11,]               
[12,]               
[13,]               
[14,]               
[15,]               
[16,]               

# 3 ------------------------------
      [,1] [,2] [,3]
 [1,]    3    2     
 [2,]    2    1     
 [3,]               
 [4,]               
 [5,]               
 [6,]               
 [7,]               
 [8,]               
 [9,]               
[10,]               
[11,]               
[12,]               
[13,]               
[14,]               
[15,]               
[16,]               

# 4 ------------------------------
      [,1] [,2] [,3] [,4]
 [1,]    4    3    2     
 [2,]    3    2          
 [3,]         1          
 [4,]                    
 [5,]                    
 [6,]                    
 [7,]                    
 [8,]                    
 [9,]                    
[10,]                    
[11,]                    
[12,]                    
[13,]                    
[14,]                    
[15,]                    
[16,]                    

# 5 ------------------------------
      [,1] [,2] [,3] [,4]
 [1,]    5    4    2     
 [2,]    4    3          
 [3,]         2          
 [4,]         1          
 [5,]                    
 [6,]                    
 [7,]                    
 [8,]                    
 [9,]                    
[10,]                    
[11,]                    
[12,]                    
[13,]                    
[14,]                    
[15,]                    
[16,]                    

# 6 ------------------------------
      [,1] [,2] [,3] [,4]
 [1,]    6    5    4     
 [2,]    5    4    2     
 [3,]         3          
 [4,]         2          
 [5,]         1          
 [6,]                    
 [7,]                    
 [8,]                    
 [9,]                    
[10,]                    
[11,]                    
[12,]                    
[13,]                    
[14,]                    
[15,]                    
[16,]                    

# 7 ------------------------------
      [,1] [,2] [,3] [,4]
 [1,]    7    6    4     
 [2,]    6    5    2     
 [3,]         4          
 [4,]         3          
 [5,]         2          
 [6,]         1          
 [7,]                    
 [8,]                    
 [9,]                    
[10,]                    
[11,]                    
[12,]                    
[13,]                    
[14,]                    
[15,]                    
[16,]                    

# 8 ------------------------------
      [,1] [,2] [,3] [,4] [,5]
 [1,]    8    7    6    4     
 [2,]    7    6    4          
 [3,]         5    2          
 [4,]         4               
 [5,]         3               
 [6,]         2               
 [7,]         1               
 [8,]                         
 [9,]                         
[10,]                         
[11,]                         
[12,]                         
[13,]                         
[14,]                         
[15,]                         
[16,]                         

# 9 ------------------------------
      [,1] [,2] [,3] [,4] [,5]
 [1,]    9    8    6    4     
 [2,]    8    7    4          
 [3,]         6    2          
 [4,]         5               
 [5,]         4               
 [6,]         3               
 [7,]         2               
 [8,]         1               
 [9,]                         
[10,]                         
[11,]                         
[12,]                         
[13,]                         
[14,]                         
[15,]                         
[16,]                         

# 10 ------------------------------
      [,1] [,2] [,3] [,4] [,5]
 [1,]   10    9    8    4     
 [2,]    9    8    6          
 [3,]         7    4          
 [4,]         6    2          
 [5,]         5               
 [6,]         4               
 [7,]         3               
 [8,]         2               
 [9,]         1               
[10,]                         
[11,]                         
[12,]                         
[13,]                         
[14,]                         
[15,]                         
[16,]                         

# 11 ------------------------------
      [,1] [,2] [,3] [,4] [,5]
 [1,]   11   10    8    4     
 [2,]   10    9    6          
 [3,]         8    4          
 [4,]         7    2          
 [5,]         6               
 [6,]         5               
 [7,]         4               
 [8,]         3               
 [9,]         2               
[10,]         1               
[11,]                         
[12,]                         
[13,]                         
[14,]                         
[15,]                         
[16,]                         

# 12 ------------------------------
      [,1] [,2] [,3] [,4] [,5]
 [1,]   12   11   10    8     
 [2,]   11   10    8    4     
 [3,]         9    6          
 [4,]         8    4          
 [5,]         7    2          
 [6,]         6               
 [7,]         5               
 [8,]         4               
 [9,]         3               
[10,]         2               
[11,]         1               
[12,]                         
[13,]                         
[14,]                         
[15,]                         
[16,]                         

# 13 ------------------------------
      [,1] [,2] [,3] [,4] [,5]
 [1,]   13   12   10    8     
 [2,]   12   11    8    4     
 [3,]        10    6          
 [4,]         9    4          
 [5,]         8    2          
 [6,]         7               
 [7,]         6               
 [8,]         5               
 [9,]         4               
[10,]         3               
[11,]         2               
[12,]         1               
[13,]                         
[14,]                         
[15,]                         
[16,]                         

# 14 ------------------------------
      [,1] [,2] [,3] [,4] [,5]
 [1,]   14   13   12    8     
 [2,]   13   12   10    4     
 [3,]        11    8          
 [4,]        10    6          
 [5,]         9    4          
 [6,]         8    2          
 [7,]         7               
 [8,]         6               
 [9,]         5               
[10,]         4               
[11,]         3               
[12,]         2               
[13,]         1               
[14,]                         
[15,]                         
[16,]                         

# 15 ------------------------------
      [,1] [,2] [,3] [,4] [,5]
 [1,]   15   14   12    8     
 [2,]   14   13   10    4     
 [3,]        12    8          
 [4,]        11    6          
 [5,]        10    4          
 [6,]         9    2          
 [7,]         8               
 [8,]         7               
 [9,]         6               
[10,]         5               
[11,]         4               
[12,]         3               
[13,]         2               
[14,]         1               
[15,]                         
[16,]                         

# 16 ------------------------------
      [,1] [,2] [,3] [,4] [,5] [,6]
 [1,]   16   15   14   12    8     
 [2,]   15   14   12    8          
 [3,]        13   10    4          
 [4,]        12    8               
 [5,]        11    6               
 [6,]        10    4               
 [7,]         9    2               
 [8,]         8                    
 [9,]         7                    
[10,]         6                    
[11,]         5                    
[12,]         4                    
[13,]         3                    
[14,]         2                    
[15,]         1                    
[16,]                              

# 17 ------------------------------
      [,1] [,2] [,3] [,4] [,5] [,6]
 [1,]   17   16   14   12    8     
 [2,]   16   15   12    8          
 [3,]        14   10    4          
 [4,]        13    8               
 [5,]        12    6               
 [6,]        11    4               
 [7,]        10    2               
 [8,]         9                    
 [9,]         8                    
[10,]         7                    
[11,]         6                    
[12,]         5                    
[13,]         4                    
[14,]         3                    
[15,]         2                    
[16,]         1                    

# 18 ------------------------------
      [,1] [,2] [,3] [,4] [,5] [,6]
 [1,]   18   17   16   12    8     
 [2,]   17   16   14    8          
 [3,]        15   12    4          
 [4,]        14   10               
 [5,]        13    8               
 [6,]        12    6               
 [7,]        11    4               
 [8,]        10    2               
 [9,]         9                    
[10,]         8                    
[11,]         7                    
[12,]         6                    
[13,]         5                    
[14,]         4                    
[15,]         3                    
[16,]         2                    

# 19 ------------------------------
      [,1] [,2] [,3] [,4] [,5] [,6]
 [1,]   19   18   16   12    8     
 [2,]   18   17   14    8          
 [3,]        16   12    4          
 [4,]        15   10               
 [5,]        14    8               
 [6,]        13    6               
 [7,]        12    4               
 [8,]        11    2               
 [9,]        10                    
[10,]         9                    
[11,]         8                    
[12,]         7                    
[13,]         6                    
[14,]         5                    
[15,]         4                    
[16,]         3                    

# 20 ------------------------------
      [,1] [,2] [,3] [,4] [,5] [,6]
 [1,]   20   19   18   16    8     
 [2,]   19   18   16   12          
 [3,]        17   14    8          
 [4,]        16   12    4          
 [5,]        15   10               
 [6,]        14    8               
 [7,]        13    6               
 [8,]        12    4               
 [9,]        11    2               
[10,]        10                    
[11,]         9                    
[12,]         8                    
[13,]         7                    
[14,]         6                    
[15,]         5                    
[16,]         4                    

# 21 ------------------------------
      [,1] [,2] [,3] [,4] [,5] [,6]
 [1,]   21   20   18   16    8     
 [2,]   20   19   16   12          
 [3,]        18   14    8          
 [4,]        17   12    4          
 [5,]        16   10               
 [6,]        15    8               
 [7,]        14    6               
 [8,]        13    4               
 [9,]        12    2               
[10,]        11                    
[11,]        10                    
[12,]         9                    
[13,]         8                    
[14,]         7                    
[15,]         6                    
[16,]         5                    

# 22 ------------------------------
      [,1] [,2] [,3] [,4] [,5] [,6]
 [1,]   22   21   20   16    8     
 [2,]   21   20   18   12          
 [3,]        19   16    8          
 [4,]        18   14    4          
 [5,]        17   12               
 [6,]        16   10               
 [7,]        15    8               
 [8,]        14    6               
 [9,]        13    4               
[10,]        12    2               
[11,]        11                    
[12,]        10                    
[13,]         9                    
[14,]         8                    
[15,]         7                    
[16,]         6                    

# 23 ------------------------------
      [,1] [,2] [,3] [,4] [,5] [,6]
 [1,]   23   22   20   16    8     
 [2,]   22   21   18   12          
 [3,]        20   16    8          
 [4,]        19   14    4          
 [5,]        18   12               
 [6,]        17   10               
 [7,]        16    8               
 [8,]        15    6               
 [9,]        14    4               
[10,]        13    2               
[11,]        12                    
[12,]        11                    
[13,]        10                    
[14,]         9                    
[15,]         8                    
[16,]         7                    

# 24 ------------------------------
      [,1] [,2] [,3] [,4] [,5] [,6]
 [1,]   24   23   22   20   16     
 [2,]   23   22   20   16    8     
 [3,]        21   18   12          
 [4,]        20   16    8          
 [5,]        19   14    4          
 [6,]        18   12               
 [7,]        17   10               
 [8,]        16    8               
 [9,]        15    6               
[10,]        14    4               
[11,]        13    2               
[12,]        12                    
[13,]        11                    
[14,]        10                    
[15,]         9                    
[16,]         8                    

# 25 ------------------------------
      [,1] [,2] [,3] [,4] [,5] [,6]
 [1,]   25   24   22   20   16     
 [2,]   24   23   20   16    8     
 [3,]        22   18   12          
 [4,]        21   16    8          
 [5,]        20   14    4          
 [6,]        19   12               
 [7,]        18   10               
 [8,]        17    8               
 [9,]        16    6               
[10,]        15    4               
[11,]        14    2               
[12,]        13                    
[13,]        12                    
[14,]        11                    
[15,]        10                    
[16,]         9                    

# 26 ------------------------------
      [,1] [,2] [,3] [,4] [,5] [,6]
 [1,]   26   25   24   20   16     
 [2,]   25   24   22   16    8     
 [3,]        23   20   12          
 [4,]        22   18    8          
 [5,]        21   16    4          
 [6,]        20   14               
 [7,]        19   12               
 [8,]        18   10               
 [9,]        17    8               
[10,]        16    6               
[11,]        15    4               
[12,]        14    2               
[13,]        13                    
[14,]        12                    
[15,]        11                    
[16,]        10                    

# 27 ------------------------------
      [,1] [,2] [,3] [,4] [,5] [,6]
 [1,]   27   26   24   20   16     
 [2,]   26   25   22   16    8     
 [3,]        24   20   12          
 [4,]        23   18    8          
 [5,]        22   16    4          
 [6,]        21   14               
 [7,]        20   12               
 [8,]        19   10               
 [9,]        18    8               
[10,]        17    6               
[11,]        16    4               
[12,]        15    2               
[13,]        14                    
[14,]        13                    
[15,]        12                    
[16,]        11                    

# 28 ------------------------------
      [,1] [,2] [,3] [,4] [,5] [,6]
 [1,]   28   27   26   24   16     
 [2,]   27   26   24   20    8     
 [3,]        25   22   16          
 [4,]        24   20   12          
 [5,]        23   18    8          
 [6,]        22   16    4          
 [7,]        21   14               
 [8,]        20   12               
 [9,]        19   10               
[10,]        18    8               
[11,]        17    6               
[12,]        16    4               
[13,]        15    2               
[14,]        14                    
[15,]        13                    
[16,]        12                    

# 29 ------------------------------
      [,1] [,2] [,3] [,4] [,5] [,6]
 [1,]   29   28   26   24   16     
 [2,]   28   27   24   20    8     
 [3,]        26   22   16          
 [4,]        25   20   12          
 [5,]        24   18    8          
 [6,]        23   16    4          
 [7,]        22   14               
 [8,]        21   12               
 [9,]        20   10               
[10,]        19    8               
[11,]        18    6               
[12,]        17    4               
[13,]        16    2               
[14,]        15                    
[15,]        14                    
[16,]        13                    

# 30 ------------------------------
      [,1] [,2] [,3] [,4] [,5] [,6]
 [1,]   30   29   28   24   16     
 [2,]   29   28   26   20    8     
 [3,]        27   24   16          
 [4,]        26   22   12          
 [5,]        25   20    8          
 [6,]        24   18    4          
 [7,]        23   16               
 [8,]        22   14               
 [9,]        21   12               
[10,]        20   10               
[11,]        19    8               
[12,]        18    6               
[13,]        17    4               
[14,]        16    2               
[15,]        15                    
[16,]        14                    

# 31 ------------------------------
      [,1] [,2] [,3] [,4] [,5] [,6]
 [1,]   31   30   28   24   16     
 [2,]   30   29   26   20    8     
 [3,]        28   24   16          
 [4,]        27   22   12          
 [5,]        26   20    8          
 [6,]        25   18    4          
 [7,]        24   16               
 [8,]        23   14               
 [9,]        22   12               
[10,]        21   10               
[11,]        20    8               
[12,]        19    6               
[13,]        18    4               
[14,]        17    2               
[15,]        16                    
[16,]        15                    

# 32 ------------------------------
      [,1] [,2] [,3] [,4] [,5] [,6] [,7]
 [1,]   32   31   30   28   24   16     
 [2,]   31   30   28   24   16          
 [3,]        29   26   20    8          
 [4,]        28   24   16               
 [5,]        27   22   12               
 [6,]        26   20    8               
 [7,]        25   18    4               
 [8,]        24   16                    
 [9,]        23   14                    
[10,]        22   12                    
[11,]        21   10                    
[12,]        20    8                    
[13,]        19    6                    
[14,]        18    4                    
[15,]        17    2                    
[16,]        16                         

# 33 ------------------------------
      [,1] [,2] [,3] [,4] [,5] [,6] [,7]
 [1,]   33   32   30   28   24   16     
 [2,]   32   31   28   24   16          
 [3,]        30   26   20    8          
 [4,]        29   24   16               
 [5,]        28   22   12               
 [6,]        27   20    8               
 [7,]        26   18    4               
 [8,]        25   16                    
 [9,]        24   14                    
[10,]        23   12                    
[11,]        22   10                    
[12,]        21    8                    
[13,]        20    6                    
[14,]        19    4                    
[15,]        18    2                    
[16,]        17                         

# 34 ------------------------------
      [,1] [,2] [,3] [,4] [,5] [,6] [,7]
 [1,]   34   33   32   28   24   16     
 [2,]   33   32   30   24   16          
 [3,]        31   28   20    8          
 [4,]        30   26   16               
 [5,]        29   24   12               
 [6,]        28   22    8               
 [7,]        27   20    4               
 [8,]        26   18                    
 [9,]        25   16                    
[10,]        24   14                    
[11,]        23   12                    
[12,]        22   10                    
[13,]        21    8                    
[14,]        20    6                    
[15,]        19    4                    
[16,]        18    2                    

# 35 ------------------------------
      [,1] [,2] [,3] [,4] [,5] [,6] [,7]
 [1,]   35   34   32   28   24   16     
 [2,]   34   33   30   24   16          
 [3,]        32   28   20    8          
 [4,]        31   26   16               
 [5,]        30   24   12               
 [6,]        29   22    8               
 [7,]        28   20    4               
 [8,]        27   18                    
 [9,]        26   16                    
[10,]        25   14                    
[11,]        24   12                    
[12,]        23   10                    
[13,]        22    8                    
[14,]        21    6                    
[15,]        20    4                    
[16,]        19    2                    

# 36 ------------------------------
      [,1] [,2] [,3] [,4] [,5] [,6] [,7]
 [1,]   36   35   34   32   24   16     
 [2,]   35   34   32   28   16          
 [3,]        33   30   24    8          
 [4,]        32   28   20               
 [5,]        31   26   16               
 [6,]        30   24   12               
 [7,]        29   22    8               
 [8,]        28   20    4               
 [9,]        27   18                    
[10,]        26   16                    
[11,]        25   14                    
[12,]        24   12                    
[13,]        23   10                    
[14,]        22    8                    
[15,]        21    6                    
[16,]        20    4                    

# 37 ------------------------------
      [,1] [,2] [,3] [,4] [,5] [,6] [,7]
 [1,]   37   36   34   32   24   16     
 [2,]   36   35   32   28   16          
 [3,]        34   30   24    8          
 [4,]        33   28   20               
 [5,]        32   26   16               
 [6,]        31   24   12               
 [7,]        30   22    8               
 [8,]        29   20    4               
 [9,]        28   18                    
[10,]        27   16                    
[11,]        26   14                    
[12,]        25   12                    
[13,]        24   10                    
[14,]        23    8                    
[15,]        22    6                    
[16,]        21    4                    

# 38 ------------------------------
      [,1] [,2] [,3] [,4] [,5] [,6] [,7]
 [1,]   38   37   36   32   24   16     
 [2,]   37   36   34   28   16          
 [3,]        35   32   24    8          
 [4,]        34   30   20               
 [5,]        33   28   16               
 [6,]        32   26   12               
 [7,]        31   24    8               
 [8,]        30   22    4               
 [9,]        29   20                    
[10,]        28   18                    
[11,]        27   16                    
[12,]        26   14                    
[13,]        25   12                    
[14,]        24   10                    
[15,]        23    8                    
[16,]        22    6                    

# 39 ------------------------------
      [,1] [,2] [,3] [,4] [,5] [,6] [,7]
 [1,]   39   38   36   32   24   16     
 [2,]   38   37   34   28   16          
 [3,]        36   32   24    8          
 [4,]        35   30   20               
 [5,]        34   28   16               
 [6,]        33   26   12               
 [7,]        32   24    8               
 [8,]        31   22    4               
 [9,]        30   20                    
[10,]        29   18                    
[11,]        28   16                    
[12,]        27   14                    
[13,]        26   12                    
[14,]        25   10                    
[15,]        24    8                    
[16,]        23    6                    

# 40 ------------------------------
      [,1] [,2] [,3] [,4] [,5] [,6] [,7]
 [1,]   40   39   38   36   32   16     
 [2,]   39   38   36   32   24          
 [3,]        37   34   28   16          
 [4,]        36   32   24    8          
 [5,]        35   30   20               
 [6,]        34   28   16               
 [7,]        33   26   12               
 [8,]        32   24    8               
 [9,]        31   22    4               
[10,]        30   20                    
[11,]        29   18                    
[12,]        28   16                    
[13,]        27   14                    
[14,]        26   12                    
[15,]        25   10                    
[16,]        24    8                    

# 41 ------------------------------
      [,1] [,2] [,3] [,4] [,5] [,6] [,7]
 [1,]   41   40   38   36   32   16     
 [2,]   40   39   36   32   24          
 [3,]        38   34   28   16          
 [4,]        37   32   24    8          
 [5,]        36   30   20               
 [6,]        35   28   16               
 [7,]        34   26   12               
 [8,]        33   24    8               
 [9,]        32   22    4               
[10,]        31   20                    
[11,]        30   18                    
[12,]        29   16                    
[13,]        28   14                    
[14,]        27   12                    
[15,]        26   10                    
[16,]        25    8                    

# 42 ------------------------------
      [,1] [,2] [,3] [,4] [,5] [,6] [,7]
 [1,]   42   41   40   36   32   16     
 [2,]   41   40   38   32   24          
 [3,]        39   36   28   16          
 [4,]        38   34   24    8          
 [5,]        37   32   20               
 [6,]        36   30   16               
 [7,]        35   28   12               
 [8,]        34   26    8               
 [9,]        33   24    4               
[10,]        32   22                    
[11,]        31   20                    
[12,]        30   18                    
[13,]        29   16                    
[14,]        28   14                    
[15,]        27   12                    
[16,]        26   10                    

# 43 ------------------------------
      [,1] [,2] [,3] [,4] [,5] [,6] [,7]
 [1,]   43   42   40   36   32   16     
 [2,]   42   41   38   32   24          
 [3,]        40   36   28   16          
 [4,]        39   34   24    8          
 [5,]        38   32   20               
 [6,]        37   30   16               
 [7,]        36   28   12               
 [8,]        35   26    8               
 [9,]        34   24    4               
[10,]        33   22                    
[11,]        32   20                    
[12,]        31   18                    
[13,]        30   16                    
[14,]        29   14                    
[15,]        28   12                    
[16,]        27   10                    

# 44 ------------------------------
      [,1] [,2] [,3] [,4] [,5] [,6] [,7]
 [1,]   44   43   42   40   32   16     
 [2,]   43   42   40   36   24          
 [3,]        41   38   32   16          
 [4,]        40   36   28    8          
 [5,]        39   34   24               
 [6,]        38   32   20               
 [7,]        37   30   16               
 [8,]        36   28   12               
 [9,]        35   26    8               
[10,]        34   24    4               
[11,]        33   22                    
[12,]        32   20                    
[13,]        31   18                    
[14,]        30   16                    
[15,]        29   14                    
[16,]        28   12                    

# 45 ------------------------------
      [,1] [,2] [,3] [,4] [,5] [,6] [,7]
 [1,]   45   44   42   40   32   16     
 [2,]   44   43   40   36   24          
 [3,]        42   38   32   16          
 [4,]        41   36   28    8          
 [5,]        40   34   24               
 [6,]        39   32   20               
 [7,]        38   30   16               
 [8,]        37   28   12               
 [9,]        36   26    8               
[10,]        35   24    4               
[11,]        34   22                    
[12,]        33   20                    
[13,]        32   18                    
[14,]        31   16                    
[15,]        30   14                    
[16,]        29   12                    

# 46 ------------------------------
      [,1] [,2] [,3] [,4] [,5] [,6] [,7]
 [1,]   46   45   44   40   32   16     
 [2,]   45   44   42   36   24          
 [3,]        43   40   32   16          
 [4,]        42   38   28    8          
 [5,]        41   36   24               
 [6,]        40   34   20               
 [7,]        39   32   16               
 [8,]        38   30   12               
 [9,]        37   28    8               
[10,]        36   26    4               
[11,]        35   24                    
[12,]        34   22                    
[13,]        33   20                    
[14,]        32   18                    
[15,]        31   16                    
[16,]        30   14                    

# 47 ------------------------------
      [,1] [,2] [,3] [,4] [,5] [,6] [,7]
 [1,]   47   46   44   40   32   16     
 [2,]   46   45   42   36   24          
 [3,]        44   40   32   16          
 [4,]        43   38   28    8          
 [5,]        42   36   24               
 [6,]        41   34   20               
 [7,]        40   32   16               
 [8,]        39   30   12               
 [9,]        38   28    8               
[10,]        37   26    4               
[11,]        36   24                    
[12,]        35   22                    
[13,]        34   20                    
[14,]        33   18                    
[15,]        32   16                    
[16,]        31   14                    

# 48 ------------------------------
      [,1] [,2] [,3] [,4] [,5] [,6] [,7]
 [1,]   48   47   46   44   40   32     
 [2,]   47   46   44   40   32   16     
 [3,]        45   42   36   24          
 [4,]        44   40   32   16          
 [5,]        43   38   28    8          
 [6,]        42   36   24               
 [7,]        41   34   20               
 [8,]        40   32   16               
 [9,]        39   30   12               
[10,]        38   28    8               
[11,]        37   26    4               
[12,]        36   24                    
[13,]        35   22                    
[14,]        34   20                    
[15,]        33   18                    
[16,]        32   16                    

# 49 ------------------------------
      [,1] [,2] [,3] [,4] [,5] [,6] [,7]
 [1,]   49   48   46   44   40   32     
 [2,]   48   47   44   40   32   16     
 [3,]        46   42   36   24          
 [4,]        45   40   32   16          
 [5,]        44   38   28    8          
 [6,]        43   36   24               
 [7,]        42   34   20               
 [8,]        41   32   16               
 [9,]        40   30   12               
[10,]        39   28    8               
[11,]        38   26    4               
[12,]        37   24                    
[13,]        36   22                    
[14,]        35   20                    
[15,]        34   18                    
[16,]        33   16                    

# 50 ------------------------------
      [,1] [,2] [,3] [,4] [,5] [,6] [,7]
 [1,]   50   49   48   44   40   32     
 [2,]   49   48   46   40   32   16     
 [3,]        47   44   36   24          
 [4,]        46   42   32   16          
 [5,]        45   40   28    8          
 [6,]        44   38   24               
 [7,]        43   36   20               
 [8,]        42   34   16               
 [9,]        41   32   12               
[10,]        40   30    8               
[11,]        39   28    4               
[12,]        38   26                    
[13,]        37   24                    
[14,]        36   22                    
[15,]        35   20                    
[16,]        34   18                    

# 51 ------------------------------
      [,1] [,2] [,3] [,4] [,5] [,6] [,7]
 [1,]   51   50   48   44   40   32     
 [2,]   50   49   46   40   32   16     
 [3,]        48   44   36   24          
 [4,]        47   42   32   16          
 [5,]        46   40   28    8          
 [6,]        45   38   24               
 [7,]        44   36   20               
 [8,]        43   34   16               
 [9,]        42   32   12               
[10,]        41   30    8               
[11,]        40   28    4               
[12,]        39   26                    
[13,]        38   24                    
[14,]        37   22                    
[15,]        36   20                    
[16,]        35   18                    

# 52 ------------------------------
      [,1] [,2] [,3] [,4] [,5] [,6] [,7]
 [1,]   52   51   50   48   40   32     
 [2,]   51   50   48   44   32   16     
 [3,]        49   46   40   24          
 [4,]        48   44   36   16          
 [5,]        47   42   32    8          
 [6,]        46   40   28               
 [7,]        45   38   24               
 [8,]        44   36   20               
 [9,]        43   34   16               
[10,]        42   32   12               
[11,]        41   30    8               
[12,]        40   28    4               
[13,]        39   26                    
[14,]        38   24                    
[15,]        37   22                    
[16,]        36   20                    

# 53 ------------------------------
      [,1] [,2] [,3] [,4] [,5] [,6] [,7]
 [1,]   53   52   50   48   40   32     
 [2,]   52   51   48   44   32   16     
 [3,]        50   46   40   24          
 [4,]        49   44   36   16          
 [5,]        48   42   32    8          
 [6,]        47   40   28               
 [7,]        46   38   24               
 [8,]        45   36   20               
 [9,]        44   34   16               
[10,]        43   32   12               
[11,]        42   30    8               
[12,]        41   28    4               
[13,]        40   26                    
[14,]        39   24                    
[15,]        38   22                    
[16,]        37   20                    

# 54 ------------------------------
      [,1] [,2] [,3] [,4] [,5] [,6] [,7]
 [1,]   54   53   52   48   40   32     
 [2,]   53   52   50   44   32   16     
 [3,]        51   48   40   24          
 [4,]        50   46   36   16          
 [5,]        49   44   32    8          
 [6,]        48   42   28               
 [7,]        47   40   24               
 [8,]        46   38   20               
 [9,]        45   36   16               
[10,]        44   34   12               
[11,]        43   32    8               
[12,]        42   30    4               
[13,]        41   28                    
[14,]        40   26                    
[15,]        39   24                    
[16,]        38   22                    

# 55 ------------------------------
      [,1] [,2] [,3] [,4] [,5] [,6] [,7]
 [1,]   55   54   52   48   40   32     
 [2,]   54   53   50   44   32   16     
 [3,]        52   48   40   24          
 [4,]        51   46   36   16          
 [5,]        50   44   32    8          
 [6,]        49   42   28               
 [7,]        48   40   24               
 [8,]        47   38   20               
 [9,]        46   36   16               
[10,]        45   34   12               
[11,]        44   32    8               
[12,]        43   30    4               
[13,]        42   28                    
[14,]        41   26                    
[15,]        40   24                    
[16,]        39   22                    

# 56 ------------------------------
      [,1] [,2] [,3] [,4] [,5] [,6] [,7]
 [1,]   56   55   54   52   48   32     
 [2,]   55   54   52   48   40   16     
 [3,]        53   50   44   32          
 [4,]        52   48   40   24          
 [5,]        51   46   36   16          
 [6,]        50   44   32    8          
 [7,]        49   42   28               
 [8,]        48   40   24               
 [9,]        47   38   20               
[10,]        46   36   16               
[11,]        45   34   12               
[12,]        44   32    8               
[13,]        43   30    4               
[14,]        42   28                    
[15,]        41   26                    
[16,]        40   24                    

# 57 ------------------------------
      [,1] [,2] [,3] [,4] [,5] [,6] [,7]
 [1,]   57   56   54   52   48   32     
 [2,]   56   55   52   48   40   16     
 [3,]        54   50   44   32          
 [4,]        53   48   40   24          
 [5,]        52   46   36   16          
 [6,]        51   44   32    8          
 [7,]        50   42   28               
 [8,]        49   40   24               
 [9,]        48   38   20               
[10,]        47   36   16               
[11,]        46   34   12               
[12,]        45   32    8               
[13,]        44   30    4               
[14,]        43   28                    
[15,]        42   26                    
[16,]        41   24                    

# 58 ------------------------------
      [,1] [,2] [,3] [,4] [,5] [,6] [,7]
 [1,]   58   57   56   52   48   32     
 [2,]   57   56   54   48   40   16     
 [3,]        55   52   44   32          
 [4,]        54   50   40   24          
 [5,]        53   48   36   16          
 [6,]        52   46   32    8          
 [7,]        51   44   28               
 [8,]        50   42   24               
 [9,]        49   40   20               
[10,]        48   38   16               
[11,]        47   36   12               
[12,]        46   34    8               
[13,]        45   32    4               
[14,]        44   30                    
[15,]        43   28                    
[16,]        42   26                    

# 59 ------------------------------
      [,1] [,2] [,3] [,4] [,5] [,6] [,7]
 [1,]   59   58   56   52   48   32     
 [2,]   58   57   54   48   40   16     
 [3,]        56   52   44   32          
 [4,]        55   50   40   24          
 [5,]        54   48   36   16          
 [6,]        53   46   32    8          
 [7,]        52   44   28               
 [8,]        51   42   24               
 [9,]        50   40   20               
[10,]        49   38   16               
[11,]        48   36   12               
[12,]        47   34    8               
[13,]        46   32    4               
[14,]        45   30                    
[15,]        44   28                    
[16,]        43   26                    

# 60 ------------------------------
      [,1] [,2] [,3] [,4] [,5] [,6] [,7]
 [1,]   60   59   58   56   48   32     
 [2,]   59   58   56   52   40   16     
 [3,]        57   54   48   32          
 [4,]        56   52   44   24          
 [5,]        55   50   40   16          
 [6,]        54   48   36    8          
 [7,]        53   46   32               
 [8,]        52   44   28               
 [9,]        51   42   24               
[10,]        50   40   20               
[11,]        49   38   16               
[12,]        48   36   12               
[13,]        47   34    8               
[14,]        46   32    4               
[15,]        45   30                    
[16,]        44   28                    

# 61 ------------------------------
      [,1] [,2] [,3] [,4] [,5] [,6] [,7]
 [1,]   61   60   58   56   48   32     
 [2,]   60   59   56   52   40   16     
 [3,]        58   54   48   32          
 [4,]        57   52   44   24          
 [5,]        56   50   40   16          
 [6,]        55   48   36    8          
 [7,]        54   46   32               
 [8,]        53   44   28               
 [9,]        52   42   24               
[10,]        51   40   20               
[11,]        50   38   16               
[12,]        49   36   12               
[13,]        48   34    8               
[14,]        47   32    4               
[15,]        46   30                    
[16,]        45   28                    

# 62 ------------------------------
      [,1] [,2] [,3] [,4] [,5] [,6] [,7]
 [1,]   62   61   60   56   48   32     
 [2,]   61   60   58   52   40   16     
 [3,]        59   56   48   32          
 [4,]        58   54   44   24          
 [5,]        57   52   40   16          
 [6,]        56   50   36    8          
 [7,]        55   48   32               
 [8,]        54   46   28               
 [9,]        53   44   24               
[10,]        52   42   20               
[11,]        51   40   16               
[12,]        50   38   12               
[13,]        49   36    8               
[14,]        48   34    4               
[15,]        47   32                    
[16,]        46   30                    

# 63 ------------------------------
      [,1] [,2] [,3] [,4] [,5] [,6] [,7]
 [1,]   63   62   60   56   48   32     
 [2,]   62   61   58   52   40   16     
 [3,]        60   56   48   32          
 [4,]        59   54   44   24          
 [5,]        58   52   40   16          
 [6,]        57   50   36    8          
 [7,]        56   48   32               
 [8,]        55   46   28               
 [9,]        54   44   24               
[10,]        53   42   20               
[11,]        52   40   16               
[12,]        51   38   12               
[13,]        50   36    8               
[14,]        49   34    4               
[15,]        48   32                    
[16,]        47   30                    

# 64 ------------------------------
      [,1] [,2] [,3] [,4] [,5] [,6] [,7] [,8]
 [1,]   64   63   62   60   56   48   32     
 [2,]   63   62   60   56   48   32          
 [3,]        61   58   52   40   16          
 [4,]        60   56   48   32               
 [5,]        59   54   44   24               
 [6,]        58   52   40   16               
 [7,]        57   50   36    8               
 [8,]        56   48   32                    
 [9,]        55   46   28                    
[10,]        54   44   24                    
[11,]        53   42   20                    
[12,]        52   40   16                    
[13,]        51   38   12                    
[14,]        50   36    8                    
[15,]        49   34    4                    
[16,]        48   32                         

# 65 ------------------------------
      [,1] [,2] [,3] [,4] [,5] [,6] [,7] [,8]
 [1,]   65   64   62   60   56   48   32     
 [2,]   64   63   60   56   48   32          
 [3,]        62   58   52   40   16          
 [4,]        61   56   48   32               
 [5,]        60   54   44   24               
 [6,]        59   52   40   16               
 [7,]        58   50   36    8               
 [8,]        57   48   32                    
 [9,]        56   46   28                    
[10,]        55   44   24                    
[11,]        54   42   20                    
[12,]        53   40   16                    
[13,]        52   38   12                    
[14,]        51   36    8                    
[15,]        50   34    4                    
[16,]        49   32                         

# 66 ------------------------------
      [,1] [,2] [,3] [,4] [,5] [,6] [,7] [,8]
 [1,]   66   65   64   60   56   48   32     
 [2,]   65   64   62   56   48   32          
 [3,]        63   60   52   40   16          
 [4,]        62   58   48   32               
 [5,]        61   56   44   24               
 [6,]        60   54   40   16               
 [7,]        59   52   36    8               
 [8,]        58   50   32                    
 [9,]        57   48   28                    
[10,]        56   46   24                    
[11,]        55   44   20                    
[12,]        54   42   16                    
[13,]        53   40   12                    
[14,]        52   38    8                    
[15,]        51   36    4                    
[16,]        50   34                         

# 67 ------------------------------
      [,1] [,2] [,3] [,4] [,5] [,6] [,7] [,8]
 [1,]   67   66   64   60   56   48   32     
 [2,]   66   65   62   56   48   32          
 [3,]        64   60   52   40   16          
 [4,]        63   58   48   32               
 [5,]        62   56   44   24               
 [6,]        61   54   40   16               
 [7,]        60   52   36    8               
 [8,]        59   50   32                    
 [9,]        58   48   28                    
[10,]        57   46   24                    
[11,]        56   44   20                    
[12,]        55   42   16                    
[13,]        54   40   12                    
[14,]        53   38    8                    
[15,]        52   36    4                    
[16,]        51   34                         

# 68 ------------------------------
      [,1] [,2] [,3] [,4] [,5] [,6] [,7] [,8]
 [1,]   68   67   66   64   56   48   32     
 [2,]   67   66   64   60   48   32          
 [3,]        65   62   56   40   16          
 [4,]        64   60   52   32               
 [5,]        63   58   48   24               
 [6,]        62   56   44   16               
 [7,]        61   54   40    8               
 [8,]        60   52   36                    
 [9,]        59   50   32                    
[10,]        58   48   28                    
[11,]        57   46   24                    
[12,]        56   44   20                    
[13,]        55   42   16                    
[14,]        54   40   12                    
[15,]        53   38    8                    
[16,]        52   36    4                    

# 69 ------------------------------
      [,1] [,2] [,3] [,4] [,5] [,6] [,7] [,8]
 [1,]   69   68   66   64   56   48   32     
 [2,]   68   67   64   60   48   32          
 [3,]        66   62   56   40   16          
 [4,]        65   60   52   32               
 [5,]        64   58   48   24               
 [6,]        63   56   44   16               
 [7,]        62   54   40    8               
 [8,]        61   52   36                    
 [9,]        60   50   32                    
[10,]        59   48   28                    
[11,]        58   46   24                    
[12,]        57   44   20                    
[13,]        56   42   16                    
[14,]        55   40   12                    
[15,]        54   38    8                    
[16,]        53   36    4                    

# 70 ------------------------------
      [,1] [,2] [,3] [,4] [,5] [,6] [,7] [,8]
 [1,]   70   69   68   64   56   48   32     
 [2,]   69   68   66   60   48   32          
 [3,]        67   64   56   40   16          
 [4,]        66   62   52   32               
 [5,]        65   60   48   24               
 [6,]        64   58   44   16               
 [7,]        63   56   40    8               
 [8,]        62   54   36                    
 [9,]        61   52   32                    
[10,]        60   50   28                    
[11,]        59   48   24                    
[12,]        58   46   20                    
[13,]        57   44   16                    
[14,]        56   42   12                    
[15,]        55   40    8                    
[16,]        54   38    4                    

# 71 ------------------------------
      [,1] [,2] [,3] [,4] [,5] [,6] [,7] [,8]
 [1,]   71   70   68   64   56   48   32     
 [2,]   70   69   66   60   48   32          
 [3,]        68   64   56   40   16          
 [4,]        67   62   52   32               
 [5,]        66   60   48   24               
 [6,]        65   58   44   16               
 [7,]        64   56   40    8               
 [8,]        63   54   36                    
 [9,]        62   52   32                    
[10,]        61   50   28                    
[11,]        60   48   24                    
[12,]        59   46   20                    
[13,]        58   44   16                    
[14,]        57   42   12                    
[15,]        56   40    8                    
[16,]        55   38    4                    

# 72 ------------------------------
      [,1] [,2] [,3] [,4] [,5] [,6] [,7] [,8]
 [1,]   72   71   70   68   64   48   32     
 [2,]   71   70   68   64   56   32          
 [3,]        69   66   60   48   16          
 [4,]        68   64   56   40               
 [5,]        67   62   52   32               
 [6,]        66   60   48   24               
 [7,]        65   58   44   16               
 [8,]        64   56   40    8               
 [9,]        63   54   36                    
[10,]        62   52   32                    
[11,]        61   50   28                    
[12,]        60   48   24                    
[13,]        59   46   20                    
[14,]        58   44   16                    
[15,]        57   42   12                    
[16,]        56   40    8                    

# 73 ------------------------------
      [,1] [,2] [,3] [,4] [,5] [,6] [,7] [,8]
 [1,]   73   72   70   68   64   48   32     
 [2,]   72   71   68   64   56   32          
 [3,]        70   66   60   48   16          
 [4,]        69   64   56   40               
 [5,]        68   62   52   32               
 [6,]        67   60   48   24               
 [7,]        66   58   44   16               
 [8,]        65   56   40    8               
 [9,]        64   54   36                    
[10,]        63   52   32                    
[11,]        62   50   28                    
[12,]        61   48   24                    
[13,]        60   46   20                    
[14,]        59   44   16                    
[15,]        58   42   12                    
[16,]        57   40    8                    

# 74 ------------------------------
      [,1] [,2] [,3] [,4] [,5] [,6] [,7] [,8]
 [1,]   74   73   72   68   64   48   32     
 [2,]   73   72   70   64   56   32          
 [3,]        71   68   60   48   16          
 [4,]        70   66   56   40               
 [5,]        69   64   52   32               
 [6,]        68   62   48   24               
 [7,]        67   60   44   16               
 [8,]        66   58   40    8               
 [9,]        65   56   36                    
[10,]        64   54   32                    
[11,]        63   52   28                    
[12,]        62   50   24                    
[13,]        61   48   20                    
[14,]        60   46   16                    
[15,]        59   44   12                    
[16,]        58   42    8                    

# 75 ------------------------------
      [,1] [,2] [,3] [,4] [,5] [,6] [,7] [,8]
 [1,]   75   74   72   68   64   48   32     
 [2,]   74   73   70   64   56   32          
 [3,]        72   68   60   48   16          
 [4,]        71   66   56   40               
 [5,]        70   64   52   32               
 [6,]        69   62   48   24               
 [7,]        68   60   44   16               
 [8,]        67   58   40    8               
 [9,]        66   56   36                    
[10,]        65   54   32                    
[11,]        64   52   28                    
[12,]        63   50   24                    
[13,]        62   48   20                    
[14,]        61   46   16                    
[15,]        60   44   12                    
[16,]        59   42    8                    

# 76 ------------------------------
      [,1] [,2] [,3] [,4] [,5] [,6] [,7] [,8]
 [1,]   76   75   74   72   64   48   32     
 [2,]   75   74   72   68   56   32          
 [3,]        73   70   64   48   16          
 [4,]        72   68   60   40               
 [5,]        71   66   56   32               
 [6,]        70   64   52   24               
 [7,]        69   62   48   16               
 [8,]        68   60   44    8               
 [9,]        67   58   40                    
[10,]        66   56   36                    
[11,]        65   54   32                    
[12,]        64   52   28                    
[13,]        63   50   24                    
[14,]        62   48   20                    
[15,]        61   46   16                    
[16,]        60   44   12                    

# 77 ------------------------------
      [,1] [,2] [,3] [,4] [,5] [,6] [,7] [,8]
 [1,]   77   76   74   72   64   48   32     
 [2,]   76   75   72   68   56   32          
 [3,]        74   70   64   48   16          
 [4,]        73   68   60   40               
 [5,]        72   66   56   32               
 [6,]        71   64   52   24               
 [7,]        70   62   48   16               
 [8,]        69   60   44    8               
 [9,]        68   58   40                    
[10,]        67   56   36                    
[11,]        66   54   32                    
[12,]        65   52   28                    
[13,]        64   50   24                    
[14,]        63   48   20                    
[15,]        62   46   16                    
[16,]        61   44   12                    

# 78 ------------------------------
      [,1] [,2] [,3] [,4] [,5] [,6] [,7] [,8]
 [1,]   78   77   76   72   64   48   32     
 [2,]   77   76   74   68   56   32          
 [3,]        75   72   64   48   16          
 [4,]        74   70   60   40               
 [5,]        73   68   56   32               
 [6,]        72   66   52   24               
 [7,]        71   64   48   16               
 [8,]        70   62   44    8               
 [9,]        69   60   40                    
[10,]        68   58   36                    
[11,]        67   56   32                    
[12,]        66   54   28                    
[13,]        65   52   24                    
[14,]        64   50   20                    
[15,]        63   48   16                    
[16,]        62   46   12                    

# 79 ------------------------------
      [,1] [,2] [,3] [,4] [,5] [,6] [,7] [,8]
 [1,]   79   78   76   72   64   48   32     
 [2,]   78   77   74   68   56   32          
 [3,]        76   72   64   48   16          
 [4,]        75   70   60   40               
 [5,]        74   68   56   32               
 [6,]        73   66   52   24               
 [7,]        72   64   48   16               
 [8,]        71   62   44    8               
 [9,]        70   60   40                    
[10,]        69   58   36                    
[11,]        68   56   32                    
[12,]        67   54   28                    
[13,]        66   52   24                    
[14,]        65   50   20                    
[15,]        64   48   16                    
[16,]        63   46   12                    

# 80 ------------------------------
      [,1] [,2] [,3] [,4] [,5] [,6] [,7] [,8]
 [1,]   80   79   78   76   72   64   32     
 [2,]   79   78   76   72   64   48          
 [3,]        77   74   68   56   32          
 [4,]        76   72   64   48   16          
 [5,]        75   70   60   40               
 [6,]        74   68   56   32               
 [7,]        73   66   52   24               
 [8,]        72   64   48   16               
 [9,]        71   62   44    8               
[10,]        70   60   40                    
[11,]        69   58   36                    
[12,]        68   56   32                    
[13,]        67   54   28                    
[14,]        66   52   24                    
[15,]        65   50   20                    
[16,]        64   48   16                    

# 81 ------------------------------
      [,1] [,2] [,3] [,4] [,5] [,6] [,7] [,8]
 [1,]   81   80   78   76   72   64   32     
 [2,]   80   79   76   72   64   48          
 [3,]        78   74   68   56   32          
 [4,]        77   72   64   48   16          
 [5,]        76   70   60   40               
 [6,]        75   68   56   32               
 [7,]        74   66   52   24               
 [8,]        73   64   48   16               
 [9,]        72   62   44    8               
[10,]        71   60   40                    
[11,]        70   58   36                    
[12,]        69   56   32                    
[13,]        68   54   28                    
[14,]        67   52   24                    
[15,]        66   50   20                    
[16,]        65   48   16                    

# 82 ------------------------------
      [,1] [,2] [,3] [,4] [,5] [,6] [,7] [,8]
 [1,]   82   81   80   76   72   64   32     
 [2,]   81   80   78   72   64   48          
 [3,]        79   76   68   56   32          
 [4,]        78   74   64   48   16          
 [5,]        77   72   60   40               
 [6,]        76   70   56   32               
 [7,]        75   68   52   24               
 [8,]        74   66   48   16               
 [9,]        73   64   44    8               
[10,]        72   62   40                    
[11,]        71   60   36                    
[12,]        70   58   32                    
[13,]        69   56   28                    
[14,]        68   54   24                    
[15,]        67   52   20                    
[16,]        66   50   16                    

# 83 ------------------------------
      [,1] [,2] [,3] [,4] [,5] [,6] [,7] [,8]
 [1,]   83   82   80   76   72   64   32     
 [2,]   82   81   78   72   64   48          
 [3,]        80   76   68   56   32          
 [4,]        79   74   64   48   16          
 [5,]        78   72   60   40               
 [6,]        77   70   56   32               
 [7,]        76   68   52   24               
 [8,]        75   66   48   16               
 [9,]        74   64   44    8               
[10,]        73   62   40                    
[11,]        72   60   36                    
[12,]        71   58   32                    
[13,]        70   56   28                    
[14,]        69   54   24                    
[15,]        68   52   20                    
[16,]        67   50   16                    

# 84 ------------------------------
      [,1] [,2] [,3] [,4] [,5] [,6] [,7] [,8]
 [1,]   84   83   82   80   72   64   32     
 [2,]   83   82   80   76   64   48          
 [3,]        81   78   72   56   32          
 [4,]        80   76   68   48   16          
 [5,]        79   74   64   40               
 [6,]        78   72   60   32               
 [7,]        77   70   56   24               
 [8,]        76   68   52   16               
 [9,]        75   66   48    8               
[10,]        74   64   44                    
[11,]        73   62   40                    
[12,]        72   60   36                    
[13,]        71   58   32                    
[14,]        70   56   28                    
[15,]        69   54   24                    
[16,]        68   52   20                    

# 85 ------------------------------
      [,1] [,2] [,3] [,4] [,5] [,6] [,7] [,8]
 [1,]   85   84   82   80   72   64   32     
 [2,]   84   83   80   76   64   48          
 [3,]        82   78   72   56   32          
 [4,]        81   76   68   48   16          
 [5,]        80   74   64   40               
 [6,]        79   72   60   32               
 [7,]        78   70   56   24               
 [8,]        77   68   52   16               
 [9,]        76   66   48    8               
[10,]        75   64   44                    
[11,]        74   62   40                    
[12,]        73   60   36                    
[13,]        72   58   32                    
[14,]        71   56   28                    
[15,]        70   54   24                    
[16,]        69   52   20                    

# 86 ------------------------------
      [,1] [,2] [,3] [,4] [,5] [,6] [,7] [,8]
 [1,]   86   85   84   80   72   64   32     
 [2,]   85   84   82   76   64   48          
 [3,]        83   80   72   56   32          
 [4,]        82   78   68   48   16          
 [5,]        81   76   64   40               
 [6,]        80   74   60   32               
 [7,]        79   72   56   24               
 [8,]        78   70   52   16               
 [9,]        77   68   48    8               
[10,]        76   66   44                    
[11,]        75   64   40                    
[12,]        74   62   36                    
[13,]        73   60   32                    
[14,]        72   58   28                    
[15,]        71   56   24                    
[16,]        70   54   20                    

# 87 ------------------------------
      [,1] [,2] [,3] [,4] [,5] [,6] [,7] [,8]
 [1,]   87   86   84   80   72   64   32     
 [2,]   86   85   82   76   64   48          
 [3,]        84   80   72   56   32          
 [4,]        83   78   68   48   16          
 [5,]        82   76   64   40               
 [6,]        81   74   60   32               
 [7,]        80   72   56   24               
 [8,]        79   70   52   16               
 [9,]        78   68   48    8               
[10,]        77   66   44                    
[11,]        76   64   40                    
[12,]        75   62   36                    
[13,]        74   60   32                    
[14,]        73   58   28                    
[15,]        72   56   24                    
[16,]        71   54   20                    

# 88 ------------------------------
      [,1] [,2] [,3] [,4] [,5] [,6] [,7] [,8]
 [1,]   88   87   86   84   80   64   32     
 [2,]   87   86   84   80   72   48          
 [3,]        85   82   76   64   32          
 [4,]        84   80   72   56   16          
 [5,]        83   78   68   48               
 [6,]        82   76   64   40               
 [7,]        81   74   60   32               
 [8,]        80   72   56   24               
 [9,]        79   70   52   16               
[10,]        78   68   48    8               
[11,]        77   66   44                    
[12,]        76   64   40                    
[13,]        75   62   36                    
[14,]        74   60   32                    
[15,]        73   58   28                    
[16,]        72   56   24                    

# 89 ------------------------------
      [,1] [,2] [,3] [,4] [,5] [,6] [,7] [,8]
 [1,]   89   88   86   84   80   64   32     
 [2,]   88   87   84   80   72   48          
 [3,]        86   82   76   64   32          
 [4,]        85   80   72   56   16          
 [5,]        84   78   68   48               
 [6,]        83   76   64   40               
 [7,]        82   74   60   32               
 [8,]        81   72   56   24               
 [9,]        80   70   52   16               
[10,]        79   68   48    8               
[11,]        78   66   44                    
[12,]        77   64   40                    
[13,]        76   62   36                    
[14,]        75   60   32                    
[15,]        74   58   28                    
[16,]        73   56   24                    

# 90 ------------------------------
      [,1] [,2] [,3] [,4] [,5] [,6] [,7] [,8]
 [1,]   90   89   88   84   80   64   32     
 [2,]   89   88   86   80   72   48          
 [3,]        87   84   76   64   32          
 [4,]        86   82   72   56   16          
 [5,]        85   80   68   48               
 [6,]        84   78   64   40               
 [7,]        83   76   60   32               
 [8,]        82   74   56   24               
 [9,]        81   72   52   16               
[10,]        80   70   48    8               
[11,]        79   68   44                    
[12,]        78   66   40                    
[13,]        77   64   36                    
[14,]        76   62   32                    
[15,]        75   60   28                    
[16,]        74   58   24                    

# 91 ------------------------------
      [,1] [,2] [,3] [,4] [,5] [,6] [,7] [,8]
 [1,]   91   90   88   84   80   64   32     
 [2,]   90   89   86   80   72   48          
 [3,]        88   84   76   64   32          
 [4,]        87   82   72   56   16          
 [5,]        86   80   68   48               
 [6,]        85   78   64   40               
 [7,]        84   76   60   32               
 [8,]        83   74   56   24               
 [9,]        82   72   52   16               
[10,]        81   70   48    8               
[11,]        80   68   44                    
[12,]        79   66   40                    
[13,]        78   64   36                    
[14,]        77   62   32                    
[15,]        76   60   28                    
[16,]        75   58   24                    

# 92 ------------------------------
      [,1] [,2] [,3] [,4] [,5] [,6] [,7] [,8]
 [1,]   92   91   90   88   80   64   32     
 [2,]   91   90   88   84   72   48          
 [3,]        89   86   80   64   32          
 [4,]        88   84   76   56   16          
 [5,]        87   82   72   48               
 [6,]        86   80   68   40               
 [7,]        85   78   64   32               
 [8,]        84   76   60   24               
 [9,]        83   74   56   16               
[10,]        82   72   52    8               
[11,]        81   70   48                    
[12,]        80   68   44                    
[13,]        79   66   40                    
[14,]        78   64   36                    
[15,]        77   62   32                    
[16,]        76   60   28                    

# 93 ------------------------------
      [,1] [,2] [,3] [,4] [,5] [,6] [,7] [,8]
 [1,]   93   92   90   88   80   64   32     
 [2,]   92   91   88   84   72   48          
 [3,]        90   86   80   64   32          
 [4,]        89   84   76   56   16          
 [5,]        88   82   72   48               
 [6,]        87   80   68   40               
 [7,]        86   78   64   32               
 [8,]        85   76   60   24               
 [9,]        84   74   56   16               
[10,]        83   72   52    8               
[11,]        82   70   48                    
[12,]        81   68   44                    
[13,]        80   66   40                    
[14,]        79   64   36                    
[15,]        78   62   32                    
[16,]        77   60   28                    

# 94 ------------------------------
      [,1] [,2] [,3] [,4] [,5] [,6] [,7] [,8]
 [1,]   94   93   92   88   80   64   32     
 [2,]   93   92   90   84   72   48          
 [3,]        91   88   80   64   32          
 [4,]        90   86   76   56   16          
 [5,]        89   84   72   48               
 [6,]        88   82   68   40               
 [7,]        87   80   64   32               
 [8,]        86   78   60   24               
 [9,]        85   76   56   16               
[10,]        84   74   52    8               
[11,]        83   72   48                    
[12,]        82   70   44                    
[13,]        81   68   40                    
[14,]        80   66   36                    
[15,]        79   64   32                    
[16,]        78   62   28                    

# 95 ------------------------------
      [,1] [,2] [,3] [,4] [,5] [,6] [,7] [,8]
 [1,]   95   94   92   88   80   64   32     
 [2,]   94   93   90   84   72   48          
 [3,]        92   88   80   64   32          
 [4,]        91   86   76   56   16          
 [5,]        90   84   72   48               
 [6,]        89   82   68   40               
 [7,]        88   80   64   32               
 [8,]        87   78   60   24               
 [9,]        86   76   56   16               
[10,]        85   74   52    8               
[11,]        84   72   48                    
[12,]        83   70   44                    
[13,]        82   68   40                    
[14,]        81   66   36                    
[15,]        80   64   32                    
[16,]        79   62   28                    

# 96 ------------------------------
      [,1] [,2] [,3] [,4] [,5] [,6] [,7] [,8]
 [1,]   96   95   94   92   88   80   64     
 [2,]   95   94   92   88   80   64   32     
 [3,]        93   90   84   72   48          
 [4,]        92   88   80   64   32          
 [5,]        91   86   76   56   16          
 [6,]        90   84   72   48               
 [7,]        89   82   68   40               
 [8,]        88   80   64   32               
 [9,]        87   78   60   24               
[10,]        86   76   56   16               
[11,]        85   74   52    8               
[12,]        84   72   48                    
[13,]        83   70   44                    
[14,]        82   68   40                    
[15,]        81   66   36                    
[16,]        80   64   32                    

# 97 ------------------------------
      [,1] [,2] [,3] [,4] [,5] [,6] [,7] [,8]
 [1,]   97   96   94   92   88   80   64     
 [2,]   96   95   92   88   80   64   32     
 [3,]        94   90   84   72   48          
 [4,]        93   88   80   64   32          
 [5,]        92   86   76   56   16          
 [6,]        91   84   72   48               
 [7,]        90   82   68   40               
 [8,]        89   80   64   32               
 [9,]        88   78   60   24               
[10,]        87   76   56   16               
[11,]        86   74   52    8               
[12,]        85   72   48                    
[13,]        84   70   44                    
[14,]        83   68   40                    
[15,]        82   66   36                    
[16,]        81   64   32                    

# 98 ------------------------------
      [,1] [,2] [,3] [,4] [,5] [,6] [,7] [,8]
 [1,]   98   97   96   92   88   80   64     
 [2,]   97   96   94   88   80   64   32     
 [3,]        95   92   84   72   48          
 [4,]        94   90   80   64   32          
 [5,]        93   88   76   56   16          
 [6,]        92   86   72   48               
 [7,]        91   84   68   40               
 [8,]        90   82   64   32               
 [9,]        89   80   60   24               
[10,]        88   78   56   16               
[11,]        87   76   52    8               
[12,]        86   74   48                    
[13,]        85   72   44                    
[14,]        84   70   40                    
[15,]        83   68   36                    
[16,]        82   66   32                    

# 99 ------------------------------
      [,1] [,2] [,3] [,4] [,5] [,6] [,7] [,8]
 [1,]   99   98   96   92   88   80   64     
 [2,]   98   97   94   88   80   64   32     
 [3,]        96   92   84   72   48          
 [4,]        95   90   80   64   32          
 [5,]        94   88   76   56   16          
 [6,]        93   86   72   48               
 [7,]        92   84   68   40               
 [8,]        91   82   64   32               
 [9,]        90   80   60   24               
[10,]        89   78   56   16               
[11,]        88   76   52    8               
[12,]        87   74   48                    
[13,]        86   72   44                    
[14,]        85   70   40                    
[15,]        84   68   36                    
[16,]        83   66   32                    

# 100 ------------------------------
      [,1] [,2] [,3] [,4] [,5] [,6] [,7] [,8]
 [1,]  100   99   98   96   88   80   64     
 [2,]   99   98   96   92   80   64   32     
 [3,]        97   94   88   72   48          
 [4,]        96   92   84   64   32          
 [5,]        95   90   80   56   16          
 [6,]        94   88   76   48               
 [7,]        93   86   72   40               
 [8,]        92   84   68   32               
 [9,]        91   82   64   24               
[10,]        90   80   60   16               
[11,]        89   78   56    8               
[12,]        88   76   52                    
[13,]        87   74   48                    
[14,]        86   72   44                    
[15,]        85   70   40                    
[16,]        84   68   36                    

# 101 ------------------------------
      [,1] [,2] [,3] [,4] [,5] [,6] [,7] [,8]
 [1,]  101  100   98   96   88   80   64     
 [2,]  100   99   96   92   80   64   32     
 [3,]        98   94   88   72   48          
 [4,]        97   92   84   64   32          
 [5,]        96   90   80   56   16          
 [6,]        95   88   76   48               
 [7,]        94   86   72   40               
 [8,]        93   84   68   32               
 [9,]        92   82   64   24               
[10,]        91   80   60   16               
[11,]        90   78   56    8               
[12,]        89   76   52                    
[13,]        88   74   48                    
[14,]        87   72   44                    
[15,]        86   70   40                    
[16,]        85   68   36                    

# 102 ------------------------------
      [,1] [,2] [,3] [,4] [,5] [,6] [,7] [,8]
 [1,]  102  101  100   96   88   80   64     
 [2,]  101  100   98   92   80   64   32     
 [3,]        99   96   88   72   48          
 [4,]        98   94   84   64   32          
 [5,]        97   92   80   56   16          
 [6,]        96   90   76   48               
 [7,]        95   88   72   40               
 [8,]        94   86   68   32               
 [9,]        93   84   64   24               
[10,]        92   82   60   16               
[11,]        91   80   56    8               
[12,]        90   78   52                    
[13,]        89   76   48                    
[14,]        88   74   44                    
[15,]        87   72   40                    
[16,]        86   70   36                    

# 103 ------------------------------
      [,1] [,2] [,3] [,4] [,5] [,6] [,7] [,8]
 [1,]  103  102  100   96   88   80   64     
 [2,]  102  101   98   92   80   64   32     
 [3,]       100   96   88   72   48          
 [4,]        99   94   84   64   32          
 [5,]        98   92   80   56   16          
 [6,]        97   90   76   48               
 [7,]        96   88   72   40               
 [8,]        95   86   68   32               
 [9,]        94   84   64   24               
[10,]        93   82   60   16               
[11,]        92   80   56    8               
[12,]        91   78   52                    
[13,]        90   76   48                    
[14,]        89   74   44                    
[15,]        88   72   40                    
[16,]        87   70   36                    

# 104 ------------------------------
      [,1] [,2] [,3] [,4] [,5] [,6] [,7] [,8]
 [1,]  104  103  102  100   96   80   64     
 [2,]  103  102  100   96   88   64   32     
 [3,]       101   98   92   80   48          
 [4,]       100   96   88   72   32          
 [5,]        99   94   84   64   16          
 [6,]        98   92   80   56               
 [7,]        97   90   76   48               
 [8,]        96   88   72   40               
 [9,]        95   86   68   32               
[10,]        94   84   64   24               
[11,]        93   82   60   16               
[12,]        92   80   56    8               
[13,]        91   78   52                    
[14,]        90   76   48                    
[15,]        89   74   44                    
[16,]        88   72   40                    

# 105 ------------------------------
      [,1] [,2] [,3] [,4] [,5] [,6] [,7] [,8]
 [1,]  105  104  102  100   96   80   64     
 [2,]  104  103  100   96   88   64   32     
 [3,]       102   98   92   80   48          
 [4,]       101   96   88   72   32          
 [5,]       100   94   84   64   16          
 [6,]        99   92   80   56               
 [7,]        98   90   76   48               
 [8,]        97   88   72   40               
 [9,]        96   86   68   32               
[10,]        95   84   64   24               
[11,]        94   82   60   16               
[12,]        93   80   56    8               
[13,]        92   78   52                    
[14,]        91   76   48                    
[15,]        90   74   44                    
[16,]        89   72   40                    

# 106 ------------------------------
      [,1] [,2] [,3] [,4] [,5] [,6] [,7] [,8]
 [1,]  106  105  104  100   96   80   64     
 [2,]  105  104  102   96   88   64   32     
 [3,]       103  100   92   80   48          
 [4,]       102   98   88   72   32          
 [5,]       101   96   84   64   16          
 [6,]       100   94   80   56               
 [7,]        99   92   76   48               
 [8,]        98   90   72   40               
 [9,]        97   88   68   32               
[10,]        96   86   64   24               
[11,]        95   84   60   16               
[12,]        94   82   56    8               
[13,]        93   80   52                    
[14,]        92   78   48                    
[15,]        91   76   44                    
[16,]        90   74   40                    

# 107 ------------------------------
      [,1] [,2] [,3] [,4] [,5] [,6] [,7] [,8]
 [1,]  107  106  104  100   96   80   64     
 [2,]  106  105  102   96   88   64   32     
 [3,]       104  100   92   80   48          
 [4,]       103   98   88   72   32          
 [5,]       102   96   84   64   16          
 [6,]       101   94   80   56               
 [7,]       100   92   76   48               
 [8,]        99   90   72   40               
 [9,]        98   88   68   32               
[10,]        97   86   64   24               
[11,]        96   84   60   16               
[12,]        95   82   56    8               
[13,]        94   80   52                    
[14,]        93   78   48                    
[15,]        92   76   44                    
[16,]        91   74   40                    

# 108 ------------------------------
      [,1] [,2] [,3] [,4] [,5] [,6] [,7] [,8]
 [1,]  108  107  106  104   96   80   64     
 [2,]  107  106  104  100   88   64   32     
 [3,]       105  102   96   80   48          
 [4,]       104  100   92   72   32          
 [5,]       103   98   88   64   16          
 [6,]       102   96   84   56               
 [7,]       101   94   80   48               
 [8,]       100   92   76   40               
 [9,]        99   90   72   32               
[10,]        98   88   68   24               
[11,]        97   86   64   16               
[12,]        96   84   60    8               
[13,]        95   82   56                    
[14,]        94   80   52                    
[15,]        93   78   48                    
[16,]        92   76   44                    

# 109 ------------------------------
      [,1] [,2] [,3] [,4] [,5] [,6] [,7] [,8]
 [1,]  109  108  106  104   96   80   64     
 [2,]  108  107  104  100   88   64   32     
 [3,]       106  102   96   80   48          
 [4,]       105  100   92   72   32          
 [5,]       104   98   88   64   16          
 [6,]       103   96   84   56               
 [7,]       102   94   80   48               
 [8,]       101   92   76   40               
 [9,]       100   90   72   32               
[10,]        99   88   68   24               
[11,]        98   86   64   16               
[12,]        97   84   60    8               
[13,]        96   82   56                    
[14,]        95   80   52                    
[15,]        94   78   48                    
[16,]        93   76   44                    

# 110 ------------------------------
      [,1] [,2] [,3] [,4] [,5] [,6] [,7] [,8]
 [1,]  110  109  108  104   96   80   64     
 [2,]  109  108  106  100   88   64   32     
 [3,]       107  104   96   80   48          
 [4,]       106  102   92   72   32          
 [5,]       105  100   88   64   16          
 [6,]       104   98   84   56               
 [7,]       103   96   80   48               
 [8,]       102   94   76   40               
 [9,]       101   92   72   32               
[10,]       100   90   68   24               
[11,]        99   88   64   16               
[12,]        98   86   60    8               
[13,]        97   84   56                    
[14,]        96   82   52                    
[15,]        95   80   48                    
[16,]        94   78   44                    

# 111 ------------------------------
      [,1] [,2] [,3] [,4] [,5] [,6] [,7] [,8]
 [1,]  111  110  108  104   96   80   64     
 [2,]  110  109  106  100   88   64   32     
 [3,]       108  104   96   80   48          
 [4,]       107  102   92   72   32          
 [5,]       106  100   88   64   16          
 [6,]       105   98   84   56               
 [7,]       104   96   80   48               
 [8,]       103   94   76   40               
 [9,]       102   92   72   32               
[10,]       101   90   68   24               
[11,]       100   88   64   16               
[12,]        99   86   60    8               
[13,]        98   84   56                    
[14,]        97   82   52                    
[15,]        96   80   48                    
[16,]        95   78   44                    

# 112 ------------------------------
      [,1] [,2] [,3] [,4] [,5] [,6] [,7] [,8]
 [1,]  112  111  110  108  104   96   64     
 [2,]  111  110  108  104   96   80   32     
 [3,]       109  106  100   88   64          
 [4,]       108  104   96   80   48          
 [5,]       107  102   92   72   32          
 [6,]       106  100   88   64   16          
 [7,]       105   98   84   56               
 [8,]       104   96   80   48               
 [9,]       103   94   76   40               
[10,]       102   92   72   32               
[11,]       101   90   68   24               
[12,]       100   88   64   16               
[13,]        99   86   60    8               
[14,]        98   84   56                    
[15,]        97   82   52                    
[16,]        96   80   48                    

# 113 ------------------------------
      [,1] [,2] [,3] [,4] [,5] [,6] [,7] [,8]
 [1,]  113  112  110  108  104   96   64     
 [2,]  112  111  108  104   96   80   32     
 [3,]       110  106  100   88   64          
 [4,]       109  104   96   80   48          
 [5,]       108  102   92   72   32          
 [6,]       107  100   88   64   16          
 [7,]       106   98   84   56               
 [8,]       105   96   80   48               
 [9,]       104   94   76   40               
[10,]       103   92   72   32               
[11,]       102   90   68   24               
[12,]       101   88   64   16               
[13,]       100   86   60    8               
[14,]        99   84   56                    
[15,]        98   82   52                    
[16,]        97   80   48                    

# 114 ------------------------------
      [,1] [,2] [,3] [,4] [,5] [,6] [,7] [,8]
 [1,]  114  113  112  108  104   96   64     
 [2,]  113  112  110  104   96   80   32     
 [3,]       111  108  100   88   64          
 [4,]       110  106   96   80   48          
 [5,]       109  104   92   72   32          
 [6,]       108  102   88   64   16          
 [7,]       107  100   84   56               
 [8,]       106   98   80   48               
 [9,]       105   96   76   40               
[10,]       104   94   72   32               
[11,]       103   92   68   24               
[12,]       102   90   64   16               
[13,]       101   88   60    8               
[14,]       100   86   56                    
[15,]        99   84   52                    
[16,]        98   82   48                    

# 115 ------------------------------
      [,1] [,2] [,3] [,4] [,5] [,6] [,7] [,8]
 [1,]  115  114  112  108  104   96   64     
 [2,]  114  113  110  104   96   80   32     
 [3,]       112  108  100   88   64          
 [4,]       111  106   96   80   48          
 [5,]       110  104   92   72   32          
 [6,]       109  102   88   64   16          
 [7,]       108  100   84   56               
 [8,]       107   98   80   48               
 [9,]       106   96   76   40               
[10,]       105   94   72   32               
[11,]       104   92   68   24               
[12,]       103   90   64   16               
[13,]       102   88   60    8               
[14,]       101   86   56                    
[15,]       100   84   52                    
[16,]        99   82   48                    

# 116 ------------------------------
      [,1] [,2] [,3] [,4] [,5] [,6] [,7] [,8]
 [1,]  116  115  114  112  104   96   64     
 [2,]  115  114  112  108   96   80   32     
 [3,]       113  110  104   88   64          
 [4,]       112  108  100   80   48          
 [5,]       111  106   96   72   32          
 [6,]       110  104   92   64   16          
 [7,]       109  102   88   56               
 [8,]       108  100   84   48               
 [9,]       107   98   80   40               
[10,]       106   96   76   32               
[11,]       105   94   72   24               
[12,]       104   92   68   16               
[13,]       103   90   64    8               
[14,]       102   88   60                    
[15,]       101   86   56                    
[16,]       100   84   52                    

# 117 ------------------------------
      [,1] [,2] [,3] [,4] [,5] [,6] [,7] [,8]
 [1,]  117  116  114  112  104   96   64     
 [2,]  116  115  112  108   96   80   32     
 [3,]       114  110  104   88   64          
 [4,]       113  108  100   80   48          
 [5,]       112  106   96   72   32          
 [6,]       111  104   92   64   16          
 [7,]       110  102   88   56               
 [8,]       109  100   84   48               
 [9,]       108   98   80   40               
[10,]       107   96   76   32               
[11,]       106   94   72   24               
[12,]       105   92   68   16               
[13,]       104   90   64    8               
[14,]       103   88   60                    
[15,]       102   86   56                    
[16,]       101   84   52                    

# 118 ------------------------------
      [,1] [,2] [,3] [,4] [,5] [,6] [,7] [,8]
 [1,]  118  117  116  112  104   96   64     
 [2,]  117  116  114  108   96   80   32     
 [3,]       115  112  104   88   64          
 [4,]       114  110  100   80   48          
 [5,]       113  108   96   72   32          
 [6,]       112  106   92   64   16          
 [7,]       111  104   88   56               
 [8,]       110  102   84   48               
 [9,]       109  100   80   40               
[10,]       108   98   76   32               
[11,]       107   96   72   24               
[12,]       106   94   68   16               
[13,]       105   92   64    8               
[14,]       104   90   60                    
[15,]       103   88   56                    
[16,]       102   86   52                    

# 119 ------------------------------
      [,1] [,2] [,3] [,4] [,5] [,6] [,7] [,8]
 [1,]  119  118  116  112  104   96   64     
 [2,]  118  117  114  108   96   80   32     
 [3,]       116  112  104   88   64          
 [4,]       115  110  100   80   48          
 [5,]       114  108   96   72   32          
 [6,]       113  106   92   64   16          
 [7,]       112  104   88   56               
 [8,]       111  102   84   48               
 [9,]       110  100   80   40               
[10,]       109   98   76   32               
[11,]       108   96   72   24               
[12,]       107   94   68   16               
[13,]       106   92   64    8               
[14,]       105   90   60                    
[15,]       104   88   56                    
[16,]       103   86   52                    

# 120 ------------------------------
      [,1] [,2] [,3] [,4] [,5] [,6] [,7] [,8]
 [1,]  120  119  118  116  112   96   64     
 [2,]  119  118  116  112  104   80   32     
 [3,]       117  114  108   96   64          
 [4,]       116  112  104   88   48          
 [5,]       115  110  100   80   32          
 [6,]       114  108   96   72   16          
 [7,]       113  106   92   64               
 [8,]       112  104   88   56               
 [9,]       111  102   84   48               
[10,]       110  100   80   40               
[11,]       109   98   76   32               
[12,]       108   96   72   24               
[13,]       107   94   68   16               
[14,]       106   92   64    8               
[15,]       105   90   60                    
[16,]       104   88   56                    

# 121 ------------------------------
      [,1] [,2] [,3] [,4] [,5] [,6] [,7] [,8]
 [1,]  121  120  118  116  112   96   64     
 [2,]  120  119  116  112  104   80   32     
 [3,]       118  114  108   96   64          
 [4,]       117  112  104   88   48          
 [5,]       116  110  100   80   32          
 [6,]       115  108   96   72   16          
 [7,]       114  106   92   64               
 [8,]       113  104   88   56               
 [9,]       112  102   84   48               
[10,]       111  100   80   40               
[11,]       110   98   76   32               
[12,]       109   96   72   24               
[13,]       108   94   68   16               
[14,]       107   92   64    8               
[15,]       106   90   60                    
[16,]       105   88   56                    

# 122 ------------------------------
      [,1] [,2] [,3] [,4] [,5] [,6] [,7] [,8]
 [1,]  122  121  120  116  112   96   64     
 [2,]  121  120  118  112  104   80   32     
 [3,]       119  116  108   96   64          
 [4,]       118  114  104   88   48          
 [5,]       117  112  100   80   32          
 [6,]       116  110   96   72   16          
 [7,]       115  108   92   64               
 [8,]       114  106   88   56               
 [9,]       113  104   84   48               
[10,]       112  102   80   40               
[11,]       111  100   76   32               
[12,]       110   98   72   24               
[13,]       109   96   68   16               
[14,]       108   94   64    8               
[15,]       107   92   60                    
[16,]       106   90   56                    

# 123 ------------------------------
      [,1] [,2] [,3] [,4] [,5] [,6] [,7] [,8]
 [1,]  123  122  120  116  112   96   64     
 [2,]  122  121  118  112  104   80   32     
 [3,]       120  116  108   96   64          
 [4,]       119  114  104   88   48          
 [5,]       118  112  100   80   32          
 [6,]       117  110   96   72   16          
 [7,]       116  108   92   64               
 [8,]       115  106   88   56               
 [9,]       114  104   84   48               
[10,]       113  102   80   40               
[11,]       112  100   76   32               
[12,]       111   98   72   24               
[13,]       110   96   68   16               
[14,]       109   94   64    8               
[15,]       108   92   60                    
[16,]       107   90   56                    

# 124 ------------------------------
      [,1] [,2] [,3] [,4] [,5] [,6] [,7] [,8]
 [1,]  124  123  122  120  112   96   64     
 [2,]  123  122  120  116  104   80   32     
 [3,]       121  118  112   96   64          
 [4,]       120  116  108   88   48          
 [5,]       119  114  104   80   32          
 [6,]       118  112  100   72   16          
 [7,]       117  110   96   64               
 [8,]       116  108   92   56               
 [9,]       115  106   88   48               
[10,]       114  104   84   40               
[11,]       113  102   80   32               
[12,]       112  100   76   24               
[13,]       111   98   72   16               
[14,]       110   96   68    8               
[15,]       109   94   64                    
[16,]       108   92   60                    

# 125 ------------------------------
      [,1] [,2] [,3] [,4] [,5] [,6] [,7] [,8]
 [1,]  125  124  122  120  112   96   64     
 [2,]  124  123  120  116  104   80   32     
 [3,]       122  118  112   96   64          
 [4,]       121  116  108   88   48          
 [5,]       120  114  104   80   32          
 [6,]       119  112  100   72   16          
 [7,]       118  110   96   64               
 [8,]       117  108   92   56               
 [9,]       116  106   88   48               
[10,]       115  104   84   40               
[11,]       114  102   80   32               
[12,]       113  100   76   24               
[13,]       112   98   72   16               
[14,]       111   96   68    8               
[15,]       110   94   64                    
[16,]       109   92   60                    

# 126 ------------------------------
      [,1] [,2] [,3] [,4] [,5] [,6] [,7] [,8]
 [1,]  126  125  124  120  112   96   64     
 [2,]  125  124  122  116  104   80   32     
 [3,]       123  120  112   96   64          
 [4,]       122  118  108   88   48          
 [5,]       121  116  104   80   32          
 [6,]       120  114  100   72   16          
 [7,]       119  112   96   64               
 [8,]       118  110   92   56               
 [9,]       117  108   88   48               
[10,]       116  106   84   40               
[11,]       115  104   80   32               
[12,]       114  102   76   24               
[13,]       113  100   72   16               
[14,]       112   98   68    8               
[15,]       111   96   64                    
[16,]       110   94   60                    

# 127 ------------------------------
      [,1] [,2] [,3] [,4] [,5] [,6] [,7] [,8]
 [1,]  127  126  124  120  112   96   64     
 [2,]  126  125  122  116  104   80   32     
 [3,]       124  120  112   96   64          
 [4,]       123  118  108   88   48          
 [5,]       122  116  104   80   32          
 [6,]       121  114  100   72   16          
 [7,]       120  112   96   64               
 [8,]       119  110   92   56               
 [9,]       118  108   88   48               
[10,]       117  106   84   40               
[11,]       116  104   80   32               
[12,]       115  102   76   24               
[13,]       114  100   72   16               
[14,]       113   98   68    8               
[15,]       112   96   64                    
[16,]       111   94   60                    

# 128 ------------------------------
      [,1] [,2] [,3] [,4] [,5] [,6] [,7] [,8] [,9]
 [1,]  128  127  126  124  120  112   96   64     
 [2,]  127  126  124  120  112   96   64          
 [3,]       125  122  116  104   80   32          
 [4,]       124  120  112   96   64               
 [5,]       123  118  108   88   48               
 [6,]       122  116  104   80   32               
 [7,]       121  114  100   72   16               
 [8,]       120  112   96   64                    
 [9,]       119  110   92   56                    
[10,]       118  108   88   48                    
[11,]       117  106   84   40                    
[12,]       116  104   80   32                    
[13,]       115  102   76   24                    
[14,]       114  100   72   16                    
[15,]       113   98   68    8                    
[16,]       112   96   64                         

